12006141
2830410
20532028
1606414
478541
5704446
688839
482296
1907896
113322
4191870
496466
4190251
1847814
146351
1168131
1589928
3150591
407840
123103
2118137
118191
1183619
4787985
578768
9576950
409577
1099300
1744443
1470576
495059
3469250
5676354
24968143
465094
14631261
777477
1288809
454247
10175983
2684978
7236561
460052
203687
3453328
10849538
6563990
344472
995167
1477775
1527905
227892
4057194
218494
2127743
352362
5847293
4574808
2960105
696535
10985259
4080303
3985811
318791
345723
2808250
382901
13829553
656986
905201
267527
252515
344844
1606921
799710
1960363
854397
10705308
1947724
3754155
2219795
7460391
4392674
8100286
3009951
310097
432415
932009
443384
1482516
878843
2237491
2913646
215737
296878
196966
4728204
1979711
1152604
543371
1659676
315505
347140
5756298
6790650
1080222
2615065
2730377
260107
645779
6699269
338842
8309807
3907746
1555733
760601
532396
2419791
3747630
1438877
8534060
1468028
3825290
169961
723700
3115712
261666
7606537
1573831
1604185
757932
9451535
11603928
181656
152991
723081
11080758
140555
208400
475629
4300507
2673859
265262
363389
5173744
133702
241255
3474304
190503
156304
370155
134263
240025
1259734
8208721
741695
9062503
5473287
3092517
10360366
1974431
14611670
5369213
557351
1031316
18357725
65957
2303123
1118773
4045095
1157063
1377266
3982173
1278370
5428746
5490532
15068884
415849
550997
2270380
2108755
190196
3337108
1027558
8822642
370347
33140522
537137
27701519
1133192
2084497
3286757
382831
1150630
697144
510625
9408084
305476
4350083
313882
613260
20715680
4362170
73663
15669886
442796
19689144
5697155
1225605
15587316
1820773
1797435
1043922
472131
178711
815280
15194140
3139810
195834
1226411
8752655
8848034
568262
334733
9110448
180563
4498399
271981
2253295
1806490
111624
132239
2599954
6821611
5021898
16363368
360338
1367902
257917
562357
317257
958248
2181181
654745
13313920
5726334
11603410
142574
401418
3277755
