0.146761
-0.872990
0.754044
0.159124
0.849714
0.278087
0.155789
0.924477
0.987858
0.876898
1.028157
0.009197
-0.678099
0.489081
-0.112613
0.636194
0.468219
0.746628
-0.652346
-0.562174
-0.155830
-0.570693
0.128335
-0.828121
-0.912382
-0.901123
-0.549755
-0.583355
-0.607085
0.661148
0.509137
1.056426
0.200980
-0.092414
0.372928
0.916817
0.099256
0.747535
-0.479978
0.681081
-0.513387
-0.155419
-0.210097
-0.609189
0.365593
0.931108
0.740820
0.450642
0.920577
-0.725496
0.868015
0.676462
-0.089864
-0.008802
0.311887
0.266510
0.447943
-0.991834
-0.515680
1.024894
1.037475
-0.528957
-0.895397
-0.180395
0.875222
0.552255
0.894916
-0.546695
0.534592
0.660567
-0.659156
0.120895
-0.881891
0.930276
0.699401
0.546755
0.285276
-0.943122
0.230900
0.111733
0.215690
-0.712604
-0.897145
0.543015
-0.192340
-0.828770
-0.257204
0.751604
0.910756
-0.498759
-0.795124
-0.376304
0.868223
0.034402
1.056061
0.224437
-0.088250
-0.871846
-0.978171
0.682774
-0.762649
0.063429
0.911056
0.306843
0.803279
-0.973224
-0.535923
-0.269559
0.750208
-0.802380
0.044065
-0.884435
0.496310
0.677148
-0.908228
-0.891743
0.400418
0.113756
0.007131
0.508434
-0.432054
0.184111
0.022923
-0.328701
0.320106
-0.249916
-0.415577
0.599323
-0.794532
1.052625
0.177457
0.161113
-0.329670
0.204249
0.047036
0.151634
-0.930502
-0.819213
0.907312
1.025141
-0.598267
-0.973450
0.716449
0.850379
-0.535569
-0.720977
0.269981
-0.708845
-0.756636
0.407057
-0.976982
-0.765162
0.483600
0.529868
0.933045
-0.713278
-0.619419
0.487715
0.463560
0.272130
0.094736
-0.244532
0.973387
0.066899
0.612388
-0.923048
-0.695525
-0.295927
0.944599
-0.671407
0.148400
0.880853
0.508148
0.458090
0.784338
-0.704871
-0.187056
0.754818
-0.136966
-0.669828
0.044142
0.314444
-0.633314
0.757611
0.252507
-0.833222
-0.946360
0.418357
-0.636579
0.294234
0.767169
-0.970917
0.033483
0.814800
0.686351
0.301975
0.137026
-0.587447
0.310842
1.038073
